name: flask_heroku_app
channels:
  - nvidia
  - conda-forge
  - rapidsai
  - defaults
dependencies:
  - asttokens=2.4.1=pyhd8ed1ab_0
  - backcall=0.2.0=pyh9f0ad1d_0
  - bzip2=1.0.8=h2466b09_7
  - ca-certificates=2024.8.30=h56e8100_0
  - colorama=0.4.6=pyhd8ed1ab_0
  - comm=0.2.2=pyhd8ed1ab_0
  - debugpy=1.8.7=py39ha51f57c_0
  - decorator=5.1.1=pyhd8ed1ab_0
  - executing=2.1.0=pyhd8ed1ab_0
  - importlib-metadata=8.5.0=pyha770c72_0
  - ipykernel=6.29.5=pyh4bbf305_0
  - ipython=8.12.0=pyh08f2357_0
  - jedi=0.19.1=pyhd8ed1ab_0
  - jupyter_client=8.6.3=pyhd8ed1ab_0
  - jupyter_core=5.7.2=py39hcbf5309_0
  - krb5=1.21.3=hdf4eb48_0
  - libffi=3.4.2=h8ffe710_5
  - libsodium=1.0.20=hc70643c_0
  - libsqlite=3.47.0=h2466b09_0
  - libzlib=1.3.1=h2466b09_2
  - matplotlib-inline=0.1.7=pyhd8ed1ab_0
  - nest-asyncio=1.6.0=pyhd8ed1ab_0
  - openssl=3.3.2=h2466b09_0
  - packaging=24.1=pyhd8ed1ab_0
  - parso=0.8.4=pyhd8ed1ab_0
  - pickleshare=0.7.5=py_1003
  - pip=24.2=pyh8b19718_1
  - platformdirs=4.3.6=pyhd8ed1ab_0
  - prompt-toolkit=3.0.48=pyha770c72_0
  - prompt_toolkit=3.0.48=hd8ed1ab_0
  - psutil=6.1.0=py39ha55e580_0
  - pure_eval=0.2.3=pyhd8ed1ab_0
  - pygments=2.18.0=pyhd8ed1ab_0
  - python=3.9.20=hfaddaf0_1_cpython
  - python-dateutil=2.9.0=pyhd8ed1ab_0
  - python_abi=3.9=5_cp39
  - pywin32=307=py39ha51f57c_3
  - pyzmq=26.2.0=py39h03e5c00_3
  - setuptools=75.1.0=pyhd8ed1ab_0
  - six=1.16.0=pyh6c4a22f_0
  - stack_data=0.6.2=pyhd8ed1ab_0
  - tk=8.6.13=h5226925_1
  - tornado=6.4.1=py39ha55e580_1
  - traitlets=5.14.3=pyhd8ed1ab_0
  - typing_extensions=4.12.2=pyha770c72_0
  - ucrt=10.0.22621.0=h57928b3_1
  - vc=14.3=ha32ba9b_22
  - vc14_runtime=14.40.33810=hcc2c482_22
  - vs2015_runtime=14.40.33810=h3bf8584_22
  - wcwidth=0.2.13=pyhd8ed1ab_0
  - wheel=0.44.0=pyhd8ed1ab_0
  - xz=5.2.6=h8d14728_0
  - zeromq=4.3.5=ha9f60a1_6
  - zipp=3.20.2=pyhd8ed1ab_0
  - pip:
      - blinker==1.8.2
      - certifi==2024.8.30
      - charset-normalizer==3.4.0
      - click==8.1.7
      - contourpy==1.3.0
      - cycler==0.12.1
      - filelock==3.16.1
      - flask==3.0.3
      - flask-login==0.6.3
      - flask-sqlalchemy==3.1.1
      - fonttools==4.54.1
      - fsspec==2024.10.0
      - greenlet==3.1.1
      - idna==3.10
      - importlib-resources==6.4.5
      - itsdangerous==2.2.0
      - jinja2==3.1.4
      - kiwisolver==1.4.7
      - markupsafe==3.0.2
      - matplotlib==3.9.2
      - mpmath==1.3.0
      - networkx==3.2.1
      - numpy==2.0.2
      - opencv-python==4.10.0.84
      - pandas==2.2.3
      - pillow==11.0.0
      - py-cpuinfo==9.0.0
      - pyparsing==3.2.0
      - pytz==2024.2
      - pyyaml==6.0.2
      - requests==2.32.3
      - scipy==1.13.1
      - seaborn==0.13.2
      - sqlalchemy==2.0.36
      - sympy==1.13.1
      - torch==2.5.0+cu118
      - torchaudio==2.5.0+cu118
      - torchvision==0.20.0
      - tqdm==4.66.5
      - tzdata==2024.2
      - ultralytics==8.3.23
      - ultralytics-thop==2.0.9
      - urllib3==2.2.3
      - werkzeug==3.0.6
prefix: C:\Users\Reek\anaconda3\envs\flask_heroku_app
